image_width: 640
image_height: 480
camera_name: narrow_stereo
camera_matrix:
  rows: 3
  cols: 3
  data: [633.537721, 0, 294.710698, 0, 634.464773, 220.947078, 0, 0, 1]
distortion_model: plumb_bob
distortion_coefficients:
  rows: 1
  cols: 5
  data: [0.002468, -0.046713, -0.002047, -0.001224, 0]
rectification_matrix:
  rows: 3
  cols: 3
  data: [1, 0, 0, 0, 1, 0, 0, 0, 1]
projection_matrix:
  rows: 3
  cols: 4
  data: [631.795837, 0, 293.813593, 0, 0, 633.911926, 220.304418, 0, 0, 0, 1, 0]